nr    tijd    temp(°C)  vochtigheid(%)
0 10:39:10   23.6          66
1 10:39:16   23.7          66
2 10:39:21   23.6          66
3 10:39:26   23.6          66
4 10:39:31   23.6          66
5 10:39:37   23.6          66
6 10:39:42   23.6          66
7 10:39:47   23.6          66
8 10:39:52   23.7          66
9 10:39:58   23.6          66
10 10:40:03   23.6          66
11 10:40:08   23.6          66
12 10:40:19   23.6          66
13 10:40:24   23.7          66
14 10:40:29   23.6          66
15 10:40:34   23.7          66
16 10:40:40   23.6          66
17 10:40:45   23.6          66
18 10:40:56   23.7          66
19 10:41:06   23.6          66
20 10:41:11   23.6          66
21 10:41:17   23.6          66
22 10:41:22   23.6          66
23 10:41:27   23.7          66
24 10:41:38   23.7          66
25 10:41:43   23.6          66
26 10:42:46   23.8          66
27 10:42:51   23.7          66
28 10:43:02   23.7          66
29 10:43:07   23.8          66
30 10:43:12   23.8          66
